500.79553 190.28445
523.46313 189.0019
546.9117 188.3952
570.1908 187.1365
594.1223 185.7301
617.919 185.0973
642.3467 183.78679
666.9498 183.11197
502.3081 213.58296
524.8089 212.34653
547.53503 211.58485
571.2972 210.75334
594.48474 209.83319
618.64825 208.93495
643.0045 208.07571
667.65155 207.17384
503.60376 236.21252
526.1917 235.45192
548.74994 234.64044
571.90704 234.01662
595.7149 232.84605
619.6322 232.54147
643.6829 231.46017
667.91187 230.52565
505.13852 258.84058
527.4686 258.20642
550.23724 257.60544
573.2677 256.62354
596.71967 256.14716
620.44556 255.43454
644.31433 254.62405
668.62537 253.96024
506.35104 281.3433
529.13074 280.4993
551.2326 280.4571
574.48566 279.46017
597.5414 278.80734
621.2251 278.39825
645.129 277.67496
669.26697 277.33386
