86.92344 227.18037
121.60546 224.02824
154.5275 221.00706
186.01253 218.34428
215.82547 215.6724
244.34064 213.29727
271.63214 211.18657
297.77118 209.15135
89.640816 256.2337
123.59521 252.21948
155.96228 248.79752
186.97855 245.54034
216.54233 242.283
244.74562 239.34154
271.8244 236.53531
297.8491 233.9678
92.189705 284.68765
125.66204 280.13675
157.60492 275.72153
188.34476 272.10416
217.31746 268.10938
245.04523 264.5535
272.02975 261.30023
297.7069 258.37674
94.87547 312.9474
127.51664 307.20258
159.31032 302.39874
189.5097 298.10342
218.40436 293.66595
245.64845 289.34433
272.12207 285.5203
297.4567 282.11703
97.1057 339.3648
129.89133 333.92072
160.61662 327.96298
190.41025 322.99158
218.78458 318.3332
245.97144 313.68213
272.20532 309.4288
297.4133 305.4732
