396.35217 46.697056
420.96466 45.658234
445.70273 44.714664
470.56424 44.124214
495.56183 43.543266
520.4517 43.18057
545.47876 42.10562
570.7752 41.595768
400.4698 68.27941
424.52603 67.27757
448.6748 66.44183
472.80563 66.23382
497.3005 65.43047
521.68243 64.98449
546.29 63.932037
570.72833 63.472588
404.41287 89.15535
428.08237 88.28065
451.51633 87.550224
475.31885 87.42999
499.09332 86.60359
522.87067 86.26572
546.7373 85.30864
570.8092 84.743355
408.21893 109.33244
431.34583 108.30163
454.32028 107.99866
477.5292 107.376595
500.66943 107.14534
524.08685 106.36796
547.41223 105.82513
570.8031 105.30669
411.7841 128.58284
434.4577 127.7348
456.9087 127.19396
479.62122 126.94551
502.42114 126.55112
525.2241 126.500885
547.8138 126.081436
570.80164 125.27396
