827.2811 374.78513
857.2598 376.46368
888.25684 377.7602
919.46185 379.8041
951.867 381.67438
985.09155 383.49216
1018.8303 385.60687
1053.7789 387.8163
827.8565 402.647
858.323 404.4854
889.5412 406.52597
921.5457 408.58395
954.00604 410.76685
987.70245 413.10364
1021.60895 415.49908
1057.0773 418.07596
828.6483 431.11954
859.3814 433.25375
890.88965 435.3041
923.35254 437.68372
956.1342 440.39288
989.81055 442.9915
1024.5872 445.80798
1060.1644 448.78586
829.4958 460.17538
860.5213 462.59216
892.5543 465.06967
924.7878 468.07764
958.53906 470.6614
992.5453 473.98483
1027.6323 477.07367
1063.5879 480.51736
830.3626 489.7068
861.68634 492.53983
894.2286 495.3969
927.0774 498.47958
960.6563 501.70786
995.6832 505.37793
1030.8422 508.79828
1067.6436 512.5864
