122.052956 373.74387
140.5459 372.36594
158.1295 370.758
174.6297 369.4552
190.40245 368.14053
205.49387 366.79514
219.53993 365.63126
235.51013 364.59393
125.26114 397.03473
143.45062 394.7686
161.50592 392.4203
178.36406 390.53497
193.75409 388.5752
208.902 386.77026
222.93057 385.2737
235.8433 383.6975
128.51085 420.37775
146.48807 417.5567
164.13065 414.6625
181.37025 412.01886
196.63281 409.48254
211.55173 407.26062
225.2622 404.92047
240.35574 402.73276
131.44817 444.32104
149.79002 440.54144
167.44167 437.0039
183.65315 433.70773
199.72289 430.5143
214.10172 427.69833
228.3792 424.84042
241.41331 422.28226
134.48106 468.1471
152.60713 463.68604
170.48627 459.43964
186.84569 455.5022
202.407 451.7156
217.7558 448.08243
231.12549 444.92416
245.7241 441.61853
