494.58914 52.087063
517.0956 51.678123
539.8266 51.256813
562.98773 50.940273
586.54144 50.459934
610.5553 50.262783
634.65454 49.78182
659.3689 49.62465
497.71283 73.34807
519.93555 72.74905
542.3646 72.60776
564.8362 72.581154
588.0782 72.12633
611.46967 71.76652
635.0719 71.65824
659.1838 71.74228
500.95657 93.81267
522.6266 93.4412
544.59576 93.128624
566.74426 93.382454
589.5107 92.81705
612.3524 92.93701
635.5964 93.09057
659.20435 93.25938
503.80148 113.735016
525.37103 112.94395
546.8837 112.87805
568.6143 113.2273
590.71796 113.23697
613.3412 112.773636
635.98254 113.09758
658.90796 113.583084
507.03412 131.8645
527.7924 132.17006
549.2096 131.5809
570.518 131.75395
592.3918 132.11327
614.2901 132.31187
636.4477 132.51956
658.93353 133.24492
