819.4499 362.2299
844.5073 364.63397
871.4308 367.28384
900.1632 370.07184
931.3564 372.96985
965.15985 376.34515
1003.5911 380.20956
1045.3378 384.41647
816.6636 390.2528
841.5477 393.7363
869.2358 397.42133
897.3271 401.16653
929.03107 405.64062
962.62244 410.12524
1001.5275 415.46725
1043.355 421.2742
814.5482 418.80267
839.71466 423.12735
866.6358 427.71637
895.07263 432.82602
925.9945 438.4342
960.8545 444.56458
999.44147 451.48685
1040.6271 458.7068
812.00604 447.5381
837.57623 452.94058
864.59283 458.73016
893.5497 465.06628
924.2711 471.87662
959.23755 479.42932
997.0832 487.65076
1039.5085 496.89978
809.6439 476.40857
834.9113 482.8151
862.4347 489.83765
891.64136 497.4205
923.5312 505.6801
957.0616 514.62146
995.1118 524.54614
1038.2527 535.5279
