55.084846 391.01984
86.34414 388.19687
115.59653 385.56772
143.66731 382.9203
170.21706 380.55457
195.61812 378.2664
219.93864 376.24484
243.1832 374.3884
55.015896 418.20584
86.09935 414.48663
115.440094 411.27896
143.62628 408.08115
170.01683 405.24838
195.54663 402.46677
219.84866 399.85513
243.43413 397.31998
54.67518 445.54184
85.57313 441.43976
115.205536 437.26776
143.54556 433.54236
170.06503 430.04913
195.66736 426.66782
220.13338 423.43417
243.58571 420.4571
54.164497 473.16428
85.022354 468.38116
115.09214 463.426
143.01437 459.024
170.2768 455.0735
195.63847 450.9023
220.18619 447.11884
243.64296 443.61816
53.866405 501.11804
85.153404 495.25742
114.81621 489.95132
143.1676 484.66647
169.96019 479.8072
195.76176 475.36353
220.21759 470.99234
244.14008 466.82977
