847.4498 210.89725
871.0454 212.61981
896.5302 214.76213
923.4744 217.17348
952.6317 219.74394
984.19763 222.63228
1019.6827 225.59344
1057.5161 229.16037
850.3047 237.42554
873.90155 240.18472
899.07104 243.26318
925.3688 246.90526
954.80975 250.42862
986.1851 254.74437
1021.5081 258.76178
1059.5094 263.73734
853.01984 263.58786
876.6762 267.28424
901.5056 271.34152
927.5488 276.0499
956.9441 280.67343
988.5416 286.02695
1023.1366 291.55273
1060.6537 298.02985
855.6192 289.3961
879.2659 293.79773
903.61163 299.0461
930.22406 304.41272
958.6083 310.52838
990.0201 316.68518
1024.2975 323.66953
1061.7665 331.40298
858.3893 314.69254
881.8715 319.99753
906.3727 326.03165
932.4244 332.55917
960.89087 339.52438
990.9685 347.4398
1024.8754 355.6846
1062.5687 364.43353
