254.0000 44.0000 0.0000 
224.0000 44.0000 0.0000 
194.0000 44.0000 0.0000 
164.0000 44.0000 0.0000 
134.0000 44.0000 0.0000 
104.0000 44.0000 0.0000 
74.0000 44.0000 0.0000 
44.0000 44.0000 0.0000 
254.0000 74.0000 0.0000 
224.0000 74.0000 0.0000 
194.0000 74.0000 0.0000 
164.0000 74.0000 0.0000 
134.0000 74.0000 0.0000 
104.0000 74.0000 0.0000 
74.0000 74.0000 0.0000 
44.0000 74.0000 0.0000 
254.0000 104.0000 0.0000 
224.0000 104.0000 0.0000 
194.0000 104.0000 0.0000 
164.0000 104.0000 0.0000 
134.0000 104.0000 0.0000 
104.0000 104.0000 0.0000 
74.0000 104.0000 0.0000 
44.0000 104.0000 0.0000 
254.0000 134.0000 0.0000 
224.0000 134.0000 0.0000 
194.0000 134.0000 0.0000 
164.0000 134.0000 0.0000 
134.0000 134.0000 0.0000 
104.0000 134.0000 0.0000 
74.0000 134.0000 0.0000 
44.0000 134.0000 0.0000 
254.0000 164.0000 0.0000 
224.0000 164.0000 0.0000 
194.0000 164.0000 0.0000 
164.0000 164.0000 0.0000 
134.0000 164.0000 0.0000 
104.0000 164.0000 0.0000 
74.0000 164.0000 0.0000 
44.0000 164.0000 0.0000 
