921.68365 411.59866
941.43066 413.62143
962.2965 415.7359
984.7609 418.20438
1008.62335 420.80347
1034.5045 423.58542
1062.1477 426.43304
1091.6364 429.67224
921.28314 433.92023
941.7245 436.62576
962.6325 439.6222
984.8199 442.61816
1009.11865 446.2706
1035.1915 449.88007
1062.8685 453.85907
1092.4386 458.2214
921.24036 456.86145
941.04767 460.41498
962.81714 464.08774
984.8137 467.8069
1009.5154 472.1984
1035.6127 476.76547
1063.6078 481.69635
1093.3011 487.05405
921.32263 479.9058
941.41296 484.0668
962.96124 488.51974
985.78876 493.25992
1009.62616 498.37854
1036.2534 503.94293
1064.4167 509.86298
1094.3973 516.293
920.70557 503.14456
940.9311 508.0201
962.6929 513.3779
985.8581 518.8941
1010.62616 525.01276
1036.9386 531.4498
1065.2611 538.48193
1095.1171 545.9757
