100.636246 72.05599
137.36317 68.51428
172.86404 65.43492
206.88097 62.694942
239.87492 60.06619
272.04654 57.97495
302.33667 55.342762
331.71152 53.06108
106.97207 100.97828
142.57526 96.8666
176.95206 93.394035
210.42421 90.592926
242.22618 87.2137
273.21262 84.53446
302.6993 81.264694
331.4402 78.63563
112.92028 128.30676
147.51605 123.85233
181.02116 120.10469
213.42207 117.02796
244.3808 113.20182
274.44574 109.813286
303.41705 106.39252
331.3195 103.435844
118.91281 154.41753
152.35281 149.47325
184.97063 145.6476
216.2825 141.65103
246.77876 138.2085
275.75204 134.2245
304.22302 130.58899
331.36786 127.19319
124.50266 179.2029
156.96352 173.88068
188.62743 169.36578
219.22166 165.46144
248.6858 161.34656
277.47098 157.88416
305.1665 154.19109
331.5044 150.0547
