46.50478 221.23169
70.892975 219.28075
94.09632 217.33699
115.875404 215.69572
136.21616 214.05331
155.43275 212.56621
173.93018 211.1032
191.42635 209.75887
47.133774 247.49742
70.78085 244.56439
93.70257 242.06857
115.370735 239.58942
135.74474 237.25429
155.84946 235.28189
173.67154 233.10301
191.43039 231.38394
47.552334 273.7718
71.26282 269.98138
93.58957 266.5181
115.18953 263.43765
136.19304 260.58447
155.29453 257.82413
173.36664 255.2136
191.30351 252.57445
47.986893 299.37512
71.44585 294.93634
93.738235 290.6972
115.237114 286.8748
135.56288 283.44827
154.6972 279.80887
172.87433 276.6161
190.35788 273.74863
48.617043 324.74634
71.60499 319.53717
94.16496 314.7437
115.39973 310.4057
135.66943 305.9192
154.46129 301.7495
172.41322 298.1603
189.64954 294.56885
