862.52734 392.39624
893.08496 394.33496
924.4052 396.14786
956.7098 398.1388
989.956 400.256
1024.0916 402.53964
1059.3038 405.12082
1095.7207 407.5955
863.6639 419.44333
894.3839 421.6743
926.61835 424.07242
958.5807 426.80167
992.78796 429.27747
1027.892 431.8822
1063.5979 434.93475
1100.2235 438.08646
864.6334 447.474
896.30383 450.30646
928.82245 452.74936
961.86694 455.8754
996.3125 458.84665
1031.559 462.1642
1067.843 465.53793
1105.4427 468.7917
866.5119 476.8026
898.33636 479.57175
930.9566 482.81302
964.82983 486.15295
1000.00653 489.5937
1035.9117 493.3366
1072.7704 497.23938
1110.766 501.30862
867.17346 505.70316
899.6771 509.40182
933.72974 513.21674
967.98395 517.2087
1003.3329 521.3252
1039.994 525.44794
1077.4774 529.74023
1116.2578 534.36426
