513.1498 380.5409
532.8099 380.6714
553.31116 380.93842
573.3397 381.28595
593.88806 381.426
614.408 381.60068
635.648 382.26706
656.87134 382.45813
512.2231 400.5025
532.1366 401.05063
552.406 401.50015
572.76556 401.6315
593.41943 402.1324
614.47766 402.37302
635.5443 402.55548
657.33044 403.15155
511.45142 421.37442
531.6276 421.4506
551.94977 421.8959
572.48785 422.4633
593.21747 422.64365
614.60864 423.3049
635.8032 423.6844
657.3302 424.02463
510.6381 441.67764
530.8529 442.22516
551.36017 442.67468
572.1881 443.26135
593.2586 443.54086
614.33777 444.18918
635.6893 444.7907
657.5683 445.37988
509.56177 462.4846
530.3672 463.19455
550.9876 463.5649
571.7637 464.34497
593.22797 464.83047
614.4838 465.52277
636.13904 466.1623
658.0695 466.7197
