920.994 39.84891
941.8209 40.96703
963.57275 42.29927
987.6157 43.392426
1012.48444 44.663372
1040.1406 45.7206
1068.3656 47.418167
1098.8123 49.15363
923.57477 61.466087
944.59937 63.048893
966.7686 64.74374
989.4006 67.0282
1014.6958 68.78221
1040.948 70.98181
1069.9131 73.25433
1099.5122 76.008224
926.45624 82.69364
946.6638 84.95181
968.6559 87.1445
991.6464 89.92981
1015.8435 92.6656
1043.0042 95.51396
1070.3524 98.63566
1099.597 102.29303
929.43555 103.25278
949.6392 106.049225
971.407 109.048874
994.05743 112.17638
1017.79987 115.97221
1043.6401 119.32838
1071.687 123.26611
1100.5822 127.412544
931.6323 123.63768
951.6401 127.001205
973.09546 130.47427
995.8644 134.21701
1019.3623 138.19289
1045.563 142.34421
1071.9569 146.91673
1100.9113 152.19081
