932.7154 211.72603
952.30444 213.21156
973.0026 214.78651
995.35626 216.62032
1019.06354 218.53638
1044.7065 220.38197
1071.8943 222.56905
1101.1779 224.82243
933.7374 233.23811
953.90094 235.27356
974.50385 237.5056
996.3081 240.02116
1020.05896 242.59813
1045.6274 245.42511
1072.7817 248.36818
1101.6019 251.66382
935.096 254.55646
954.4551 257.36426
975.79236 260.20743
997.2671 263.33493
1020.9997 266.49936
1046.3885 270.00116
1073.5011 273.80728
1101.9409 278.0615
936.6067 275.49683
956.2791 278.79898
976.9792 282.38098
998.83014 286.1884
1021.65344 290.36545
1047.2231 294.46466
1074.0658 299.1328
1102.5293 304.17615
937.42017 296.53375
957.1012 300.35684
977.62695 304.5085
999.61694 308.7916
1023.14246 313.4687
1047.9675 318.5133
1074.7914 323.95667
1102.83 329.85614
