435.09708 263.97433
455.56796 263.73758
476.2436 263.30878
496.61798 262.60767
517.4576 262.29785
538.1644 261.9791
558.6795 261.53104
579.2369 261.16083
435.5046 284.45175
456.04413 284.1082
476.6844 283.64972
497.11575 283.2798
517.6452 282.69797
538.41125 282.35703
559.04626 281.78522
579.5485 281.37704
436.0505 304.71927
456.57697 304.34616
477.1745 303.7558
497.60626 303.50397
518.1009 303.20038
538.6862 302.6473
559.3889 302.13043
580.1321 301.5596
436.60123 325.337
457.29352 324.65875
477.6461 324.34933
498.2476 323.73215
518.6419 323.37714
539.1654 322.7667
559.7168 322.43066
580.45465 321.80875
437.34174 345.43668
457.7006 345.0309
478.3563 344.4986
498.69348 343.8146
519.33386 343.4146
539.6989 343.0874
560.23615 342.67175
580.72314 342.03705
