51.37567 36.932224
75.87397 33.27226
99.666275 29.508778
122.905594 26.30181
145.11505 22.849527
166.80614 20.227983
186.6319 16.564516
206.1262 13.714244
55.452354 60.76723
79.68693 56.529682
102.59703 52.195053
125.74311 48.778133
147.35287 45.13129
168.61388 41.831406
188.09802 38.19003
207.36476 34.802223
59.385555 83.60685
82.84162 78.96752
105.82829 74.55098
128.38089 70.53487
150.09702 66.70824
170.47255 62.828655
189.74065 58.613647
209.15633 55.393772
63.310436 105.777084
86.406395 100.691666
108.83935 95.78992
130.63637 91.401726
152.23822 87.631134
172.16393 83.13054
191.62367 79.25275
210.35443 74.94514
67.16973 127.32037
90.12636 121.9452
112.15724 116.78926
133.34619 111.780334
153.7691 107.17751
174.35614 103.10417
193.47888 98.645966
211.45067 94.26724
